12.000000, 12.000000
12.000000 12.000000
-12.000000, -12.000000
12.0, 12
12 12
180, 12
12,,12
12    12
    12   12
-12E, -12S
12south, 12east
12 north 12 west
12 n, 12 s
12.123123412, 12.123
12,,, 12
12 E 12
12 12 west
12 12 south
12 w 12 W
12 w 12 E
12, w, 12, S
12 12' 12" 12 12' 12"
12 12' 12", 12 12' 12"
12 12 12 12 12 12
12 12 12, 12 12 12
12 12' 12" S, 12 12' 12" E
12 12 12 S 12 12 12 E
12 12 12 S, 12 12 12 E
S 12 12 12, E 12 12 12
south 12 12 12, east 12 12 12
west 12 12 12, east 12 12 12
west 12 12 12, north 12 12 12
89 68 24, 12 12 12
1 1, 1 1
1 1 1
1 1, 1